N <- 25
K <- 3
X <- 
structure(c(-0.829606267623603, -0.951591135933995, -0.593785840086639,
0.942716021090746, -0.269336624071002, 0.082239584531635, -0.899156635627151,
0.970553360879421, -0.825172594748437, -0.321832924615592, -0.562389434315264,
0.915084510110319, 0.696315806359053, -0.599516165908426, 0.210792474914342,
0.148169900290668, 0.0400451212190092, 0.987772383727133, -0.0413666879758239,
-0.561051327269524, -0.577462711371481, 0.684690549969673, 0.659895935561508,
0.122971972450614, 0.386233448050916, 0.688246559280366, 0.905525689988151,
0.352581623887396, 0.888713496421168, 0.0725422170659643, 0.00676334926393595,
0.808482655392336, 0.94197382631434, 0.680909811123869, 0.103576431366625,
0.316281875829443, 0.837379660643842, 0.484855702185458, 0.359419633185539,
0.0444334674805136, 0.0219543193521465, 0.00160361173344514, 0.975694282053983,
0.00171120287408917, 0.314778591830895, 0.333463183024503, 0.468801149217773,
0.435462645770598, 0.0151221060083946, 0.1491762763933, -0.570973659249371,
-0.86169021995324, -0.209357975739089, 0.837804451235808, -0.0195382758471726,
0.000556215033508432, -0.726952544385478, 0.914235862989831, -0.561868115634751,
-0.0333343058279671, -0.177873585231891, 0.766273156536615, 0.337612689235052,
-0.215477880439607, 0.0093662405792434, 0.00325296930935703,
6.42168262540359e-05, 0.963763866773397, -7.07867953557798e-05,
-0.176606946742755, -0.192562553811894, 0.320983716684332, 0.287360030032878,
0.00185959520345956, 0.0576168675987807),
.Dim = c(25, 3))
y <- 
structure(c(2.17877209798286, -0.160034082311598, 6.67453913238979,
14.1170218180639, 9.60327634718898, 9.52403063971775, 3.17698673945606,
12.297838556762, 3.45149782965686, 10.7334959774765, 2.94975761801768,
15.4273792063017, 15.3355185233199, 4.96828545183687, 11.1698432382273,
12.3334755220188, 7.54332836762407, 13.5798437243209, 8.99617461281681,
6.72973601148777, 5.77764846691701, 15.7873127786718, 10.120705884692,
11.8768964377238, 9.27630502583008),
.Dim = c(25, 1))
