N <- 100
x <- 
c(1.29390689264983, -0.607477262616158, -0.186181830242276,
-1.30145167000592, -0.392228439450264, 0.528843959793448, 0.949360717087984,
0.106283617205918, -1.53551435098052, 0.587255100719631, -0.749745442532003,
1.67431033588946, -0.189414732158184, -0.467971625737846, 1.7780898893252,
1.32607219181955, -0.47420013230294, -1.35106914676726, -1.892573623918,
0.225415480323136, -1.02074986882508, -0.664278176613152, -0.500266595743597,
-1.34066682588309, -1.71413187403232, -0.10152823664248, 0.772716443054378,
0.453626926057041, -0.678235167637467, 1.20143972616643, 0.127576651051641,
1.28839257080108, 1.22591090109199, -0.821509771049023, 0.739552609622478,
-0.283795197494328, 1.80963278003037, -0.85652288608253, 1.01937374845147,
0.296603939495981, -0.980571336112916, 1.92628986388445, -1.93097477499396,
1.01801182515919, 0.133586646057665, -0.201150023378432, -1.48079684469849,
-1.40282103326172, 0.0922488141804934, -1.39890551194549, -0.184436986222863,
-0.971482093445957, 0.149258175864816, 1.48749137390405, 0.334162820130587,
-1.83417600672692, 0.532975073903799, 1.14266375731677, -0.957040164619684,
0.534774189814925, 1.03583690710366, 1.57430161070079, -1.65091769210994,
-0.307549661956728, -1.18586510512978, -0.14676880184561, -1.60075432155281,
0.0344808837398887, -0.226273918524384, -0.00536844320595264, -0.69958668295294,
1.14663639012724, 1.88773779664189, 1.43513512425125, -0.0184494890272617,
0.932045582681894, -0.608665457926691, 1.11670530308038, -0.0573854837566614,
-1.05536452680826, -1.96607768535614, -1.33539183996618, -0.717251093126833,
-0.264596971683204, 0.496398895978928, -0.614844852127135, -1.03571190498769,
0.804843310266733, 0.339398136362433, -0.270624306052923, -0.49729797616601,
0.735737958922982, 0.993312679231167, 1.09617136698216, -0.0426572104915977,
-1.87792697641999, -1.80417377408594, 0.427231157198548, -1.64683762472123,
0.819898544810712)
y <- 
c(-11.8054571607237, 10.8165304603878, 9.59785202455883, -13.382927928453,
11.1371761489305, 8.60083668188678, -0.982464801478595, 10.7040548235622,
-46.0714850345818, 2.57400919852671, 8.37940827681518, -6.86710285936658,
13.3560267540577, 13.6551108982321, -7.05648995266179, -12.2914535064543,
13.3845687267883, -19.5724762435516, -148.956391138034, 8.61889677794668,
4.39307098408136, 9.56051676972305, 9.76827774053686, -15.3061723858905,
-92.7187537037198, 9.37651934594546, 2.52115283220529, 8.81671631303587,
12.0875430412268, -9.34329709012753, 9.46244478719965, -12.0862619331049,
-8.10232201579329, 10.1606296842117, -2.05176693903709, 6.99529464511133,
0.637694454760187, 7.82383359927748, -6.80130977746335, 7.06838482187995,
6.68497046498823, 9.76507663122248, -166.661239708305, -3.9283956505368,
10.1142850730258, 11.615386044775, -35.0691027496283, -27.2202524277465,
8.15213005022773, -22.847335702552, 11.275570464327, 5.44866526575728,
10.4189917109764, -11.6212999578519, 7.44815119171323, -128.337992058619,
4.97935815517733, -8.75107046417692, 7.02277424331085, 2.34624342840564,
-6.71854944798479, -11.7310138622155, -72.0566743873619, 12.7339302218772,
-6.16178018263511, 10.9612922000282, -61.6516372865443, 10.5849682596795,
9.96446425939285, 7.96408311864422, 12.361614489822, -8.86304269318457,
4.01589708068004, -13.3310827721537, 10.6495550927901, -2.75493951225499,
12.0596922256757, -7.25614235104352, 11.532128627961, 5.26347367310853,
-181.529891708242, -17.7128765658893, 7.27441567275915, 9.65903746971858,
4.61494776531615, 8.59939417268903, 6.86961508207458, -0.214281904819172,
5.11093792062028, 12.022082094362, 12.2104199721459, -0.231935921932175,
-5.41348759366494, -6.80032933808258, 9.45490409114719, -143.096994164717,
-115.23710539459, 6.03717344897713, -68.0498940693097, -1.90683502123319)
