N <- 500
K <- 3
y <- 
c(2, 2, 1, 1, 4, 5, 3, 5, 1, 3, 1, 3, 1, 4, 3, 1, 2, 4, 1, 1, 1, 4, 1, 4,
1, 1, 4, 1, 3, 3, 2, 1, 1, 4, 4, 1, 2, 3, 1, 4, 2, 4, 3, 1, 1, 1, 2, 1, 5, 1, 1,
3, 1, 1, 3, 3, 3, 1, 3, 5, 4, 1, 1, 3, 1, 1, 3, 5, 4, 1, 1, 5, 1, 1, 1, 3, 5, 1,
1, 2, 3, 1, 1, 1, 1, 2, 4, 2, 1, 1, 4, 5, 5, 2, 2, 2, 2, 1, 1, 3, 2, 1, 2, 3, 2,
1, 3, 2, 2, 1, 1, 4, 4, 2, 5, 3, 1, 1, 2, 3, 2, 5, 1, 1, 5, 3, 3, 2, 2, 3, 1, 3,
1, 1, 5, 4, 1, 5, 5, 3, 3, 3, 2, 1, 5, 1, 2, 1, 3, 1, 2, 4, 3, 3, 1, 3, 2, 2, 3,
2, 1, 4, 4, 4, 4, 1, 2, 1, 3, 1, 3, 2, 3, 2, 1, 1, 1, 3, 3, 2, 5, 3, 5, 1, 2, 2,
1, 3, 3, 5, 4, 1, 1, 4, 4, 1, 1, 1, 1, 3, 3, 1, 1, 1, 4, 2, 1, 1, 1, 1, 2, 4, 1,
1, 1, 3, 3, 1, 1, 4, 2, 5, 4, 3, 3, 1, 1, 1, 1, 1, 2, 2, 1, 5, 1, 1, 3, 2, 1, 1,
3, 4, 4, 2, 3, 1, 1, 1, 2, 5, 4, 1, 1, 3, 1, 1, 3, 3, 3, 1, 5, 3, 1, 3, 2, 1, 5,
1, 1, 1, 3, 1, 4, 2, 1, 1, 5, 2, 2, 3, 1, 1, 4, 1, 1, 1, 3, 3, 1, 2, 1, 4, 3, 5,
2, 3, 3, 2, 5, 3, 2, 4, 1, 4, 2, 2, 1, 2, 1, 1, 3, 1, 1, 1, 2, 2, 2, 2, 4, 1, 1,
1, 2, 1, 3, 2, 4, 5, 4, 4, 1, 2, 1, 1, 1, 1, 1, 3, 1, 2, 1, 3, 2, 2, 4, 1, 1, 1,
2, 1, 1, 2, 3, 3, 1, 5, 1, 4, 2, 4, 1, 1, 2, 1, 1, 5, 2, 3, 5, 5, 3, 2, 3, 1, 5,
3, 4, 3, 1, 1, 4, 5, 3, 3, 3, 1, 1, 2, 3, 1, 2, 1, 2, 2, 1, 3, 1, 5, 1, 5, 1, 4,
1, 1, 1, 4, 3, 1, 3, 2, 1, 1, 1, 1, 1, 3, 2, 2, 4, 1, 3, 4, 3, 4, 5, 1, 1, 1, 4,
1, 1, 5, 2, 2, 2, 1, 1, 1, 1, 3, 1, 1, 1, 1, 2, 1, 1, 3, 2, 4, 2, 1, 1, 4, 2, 2,
1, 3, 3, 3, 2, 3, 1, 2, 2, 1, 1, 5, 3, 1, 2, 2, 1, 1, 1, 3, 3, 2, 4, 2, 2, 4, 1,
1, 2, 1, 2, 2, 1, 1, 3, 4, 2, 1, 1, 1, 1, 1, 2, 4)
X <- 
structure(c(-0.959353888873011, -0.26004814915359, 0.588775395415723,
0.19618436973542, -0.7514543174766, -0.0388056458905339, 0.614556489512324,
0.564799434505403, -0.352344463579357, 0.0264964257366955, 0.0729406336322427,
-0.55898486636579, 0.00145073654130101, -0.985481698065996, -0.528174723032862,
0.136972556822002, -0.371802312321961, -0.0556496693752706, -0.552394359838217,
-0.390342572703958, -0.880145189352334, 0.838422499597073, -0.00199003843590617,
-0.635736529249698, -0.184214185457677, 0.270773017313331, -0.24616447230801,
0.387001099530607, 0.918372883927077, -0.031986627727747, 0.366226427257061,
-0.00503136264160275, 0.052738887257874, -0.266267463099211,
-0.0543002053163946, -0.505373333115131, -0.809091480914503, 0.0427053356543183,
-0.201062628533691, -0.510006629861891, 0.955852895509452, -0.93581666983664,
0.940509012900293, -0.470776431728154, 0.111704919952899, -0.391286617610604,
0.943538791965693, -0.861421175301075, -0.178589114919305, 0.779545255471021,
-0.0667107491753995, -0.451284969691187, 0.270183589775115, 0.627333315555006,
-0.723777761217207, 0.77261521294713, -0.0988490688614547, 0.914604062680155,
0.653365612961352, 0.221242223400623, 0.756239459849894, -0.919844290241599,
-0.652170446235687, -0.783069623168558, 0.670722300652415, 0.276430711150169,
0.877379392273724, -0.628381842747331, 0.317143730353564, -0.330610283650458,
0.83324956567958, -0.723976811394095, 0.435177021659911, 0.205969444941729,
0.146811016835272, 0.222185674123466, -0.930381597485393, 0.919110234826803,
0.00510408449918032, 0.0640940070152283, 0.904346589464694, -0.223137144464999,
-0.932581792585552, -0.0965461018495262, 0.0567741091363132, -0.756714961025864,
-0.20800087461248, 0.570785521529615, 0.291758814826608, 0.198833397123963,
-0.176941149868071, -0.574235180858523, -0.766676589846611, 0.867991609498858,
-0.943734588101506, -0.0612406828440726, 0.456946844700724, 0.159359754063189,
-0.772226408589631, -0.394394901581109, 0.716241414193064, -0.702273867093027,
-0.409014487173408, -0.174643134698272, 0.322981711477041, 0.629621881060302,
0.00215499522164464, -0.897407282609493, 0.832590234931558, -0.0569092342630029,
0.573026923462749, -0.83583345124498, -0.5909907175228, -0.520219671539962,
-0.00144375534728169, -0.117134867236018, -0.909815456252545,
-0.895921885035932, -0.443629176355898, -0.907106200698763, 0.29225692898035,
-0.136478817556053, 0.505349803250283, 0.0341984457336366, 0.271327410824597,
-0.912151425145566, 0.555190627928823, -0.228962250985205, -0.427571049425751,
0.962310202419758, 0.788089179433882, 0.296807090286165, 0.881840009242296,
0.0925271310843527, -0.325535624753684, -0.175218616612256, -0.258775344118476,
0.608710318803787, -0.744715330190957, -0.796312124002725, 0.398368943948299,
0.947595188394189, 0.257928794249892, -0.406290665268898, 0.7233971003443,
0.862954345531762, -0.89802381535992, 0.607743188738823, 0.0715317009016871,
0.240180063992739, 0.90476757241413, -0.903469323646277, 0.681052111554891,
0.669273708947003, -0.747134328819811, -0.429390764795244, 0.60735990665853,
-0.899099273607135, -0.791271577123553, 0.997932300437242, 0.835374024230987,
-0.467667436692864, -0.250565038062632, -0.905183088500053, -0.236336087342352,
0.488042787648737, 0.154133966658264, 0.491219841409475, 0.997602670453489,
-0.543612936977297, -0.649085735436529, 0.17932816548273, 0.462504456751049,
0.982590307947248, 0.572935933247209, 0.626549299806356, -0.569648107979447,
0.307677357923239, -0.297503761015832, -0.27126185502857, -0.155783953145146,
-0.270833975169808, -0.444102155975997, 0.907248835545033, 0.578099800739437,
-0.359627958387136, 0.960498105734587, 0.887315654195845, -0.64916077721864,
0.661476685199887, 0.420088597107679, -0.755426771007478, -0.400450725108385,
0.956003339029849, -0.478101654909551, 0.65930701000616, -0.987937352154404,
0.271522411610931, -0.601328049320728, 0.10052941320464, -0.495210580062121,
0.145449118688703, 0.00376645103096962, 0.83974450873211, 0.87903043627739,
-0.162123245652765, -0.157000104431063, 0.51400312455371, 0.0245766378939152,
0.122000891715288, 0.180805210955441, -0.544678065460175, 0.840590201318264,
0.80200552335009, 0.070395128801465, -0.0784534332342446, 0.213002138771117,
0.274179298896343, 0.33984464360401, 0.284788977354765, -0.00918083591386676,
-0.910352713894099, 0.242286613211036, 0.199802319519222, -0.0345766362734139,
0.866497491486371, 0.110326065681875, 0.130837717559189, 0.889621855225414,
0.544626351911575, -0.772532694973052, 0.453484290279448, -0.237386294640601,
-0.0758055010810494, 0.135350587312132, -0.11650731600821, 0.207499061245471,
-0.791091171558946, -0.236052704509348, -0.234418808482587, 0.35060518514365,
0.336682150606066, -0.757350385654718, -0.250125778373331, -0.526227653026581,
0.602515138685703, 0.115467027761042, -0.186874285340309, -0.272878013085574,
0.0392035557888448, -0.882042690645903, 0.814119897317141, -0.154787111096084,
0.146863580215722, 0.844702266622335, -0.814247000496835, -0.53090279828757,
-0.398074293043464, 0.134387376252562, 0.0982226659543812, -0.634262303356081,
0.91766115790233, 0.420702259987593, 0.455791491083801, 0.260853860527277,
0.675989811774343, -0.824134911876172, 0.618923020549119, -0.749978344887495,
0.600999975111336, 0.540085899177939, -0.684649066068232, 0.106504145544022,
0.0874509233981371, -0.125125153921545, -0.721203642431647, -0.75778640108183,
0.212817139923573, 0.0800754348747432, -0.492374559398741, 0.349213654175401,
0.595681965816766, 0.241119912825525, -0.770540636964142, -0.385629790835083,
0.209778851363808, -0.456790376454592, -0.312903481535614, 0.461304128170013,
0.432450840249658, -0.00416353344917297, -0.500720682553947, 0.974830732680857,
-0.039706296287477, 0.561761136632413, 0.558934824541211, -0.577374022454023,
-0.695679608266801, 0.172990391030908, -0.153034904506058, 0.560111221391708,
-0.0938973855227232, -0.159986134152859, 0.0795754315331578, 0.957447310443968,
-0.481391151901335, 0.202961810864508, 0.0414796583354473, -0.196619480848312,
-0.125643091276288, -0.531392991077155, -0.604235812090337, -0.484550964552909,
0.584461189806461, 0.489210484549403, -0.893067483790219, -0.424577293451875,
0.250934474635869, 0.527074903715402, -0.832469230052084, -0.461629242636263,
-0.654056407976896, 0.287296824157238, 0.325786591041833, 0.0701335980556905,
-0.417080196551979, -0.686170152388513, -0.394455750007182, 0.103733467403799,
