N <- 200
y <- 
c(0, 3, 5, 0, 4, 7, 4, 2, 3, 6, 7, 0, 0, 3, 7, 5, 5, 0, 4, 0, 4, 4, 6, 3,
9, 0, 5, 3, 0, 0, 2, 0, 1, 0, 1, 5, 4, 4, 8, 4, 7, 3, 4, 8, 7, 7, 8, 4, 5, 9, 6,
1, 5, 6, 5, 6, 7, 3, 6, 2, 3, 0, 2, 0, 8, 0, 8, 3, 4, 4, 5, 8, 9, 5, 7, 5, 5, 6,
4, 2, 3, 8, 6, 4, 5, 5, 3, 7, 6, 5, 5, 7, 0, 1, 6, 7, 0, 9, 8, 0, 5, 6, 5, 1, 0,
7, 1, 2, 6, 5, 4, 0, 4, 0, 4, 4, 6, 3, 0, 0, 3, 3, 4, 2, 5, 9, 4, 4, 4, 3, 5, 4,
3, 0, 7, 2, 0, 4, 2, 0, 9, 6, 5, 0, 3, 0, 0, 4, 6, 0, 4, 6, 7, 8, 7, 4, 1, 5, 0,
3, 5, 7, 6, 0, 5, 5, 8, 7, 0, 6, 7, 3, 9, 5, 6, 0, 7, 2, 5, 4, 5, 5, 0, 6, 2, 4,
5, 4, 0, 0, 5, 5, 7, 8, 9, 3, 0, 3, 3, 6)
