n_individuals <- 250
n_age <- 5
age <- 
c(4, 3, 1, 3, 1, 3, 1, 3, 3, 3, 2, 1, 1, 1, 3, 3, 4, 5, 3, 3, 3, 1, 1, 1, 1, 1,
1, 5, 1, 1, 3, 1, 4, 2, 3, 1, 1, 2, 5, 1, 3, 3, 2, 5, 1, 2, 5, 4, 2, 1, 1, 1, 1, 5, 5,
1, 1, 2, 1, 3, 2, 1, 4, 3, 1, 1, 4, 1, 1, 1, 1, 1, 3, 1, 1, 1, 5, 1, 1, 1, 1, 1, 5, 2,
1, 1, 1, 1, 2, 1, 2, 3, 5, 3, 1, 5, 1, 4, 3, 1, 3, 4, 3, 1, 1, 3, 1, 3, 1, 2, 3, 1, 1,
5, 1, 1, 1, 5, 3, 4, 1, 3, 1, 3, 3, 1, 1, 1, 1, 5, 1, 3, 3, 1, 1, 5, 4, 1, 1, 3, 1, 3,
4, 1, 1, 2, 2, 2, 1, 3, 1, 3, 1, 5, 1, 2, 2, 2, 1, 2, 3, 5, 2, 2, 4, 4, 1, 2, 4, 5, 4,
1, 3, 3, 1, 3, 1, 1, 2, 1, 1, 3, 5, 1, 1, 1, 1, 1, 1, 1, 1, 3, 1, 3, 3, 3, 1, 1, 1, 5,
2, 1, 1, 1, 3, 2, 3, 5, 1, 2, 1, 4, 1, 1, 1, 1, 2, 1, 1, 4, 3, 1, 3, 5, 3, 3, 3, 2, 3,
4, 1, 1, 5, 2, 1, 5, 1, 4, 4, 4, 3, 1, 4, 1, 4, 1, 3, 1, 3, 3)
n_income <- 4
income <- 
c(1, 2, 2, 1, 3, 1, 2, 2, 1, 3, 1, 3, 3, 2, 2, 1, 1, 2, 3, 3, 4, 1, 3, 1, 3,
3, 4, 2, 2, 2, 3, 4, 4, 1, 2, 3, 2, 3, 1, 3, 3, 2, 2, 3, 3, 1, 3, 1, 1, 4, 2, 4, 4, 1,
3, 2, 3, 2, 2, 1, 2, 1, 1, 2, 3, 1, 2, 3, 4, 4, 1, 2, 2, 3, 1, 1, 1, 2, 2, 1, 3, 3, 1,
1, 4, 4, 3, 2, 3, 3, 1, 3, 4, 1, 1, 4, 3, 1, 3, 2, 2, 2, 2, 1, 1, 1, 1, 3, 2, 1, 2, 4,
3, 1, 2, 1, 3, 2, 3, 3, 3, 2, 3, 2, 1, 2, 3, 3, 4, 4, 4, 1, 4, 2, 3, 1, 2, 1, 4, 1, 2,
1, 1, 3, 3, 1, 1, 2, 1, 4, 3, 3, 3, 2, 3, 2, 4, 1, 2, 4, 3, 2, 2, 2, 2, 2, 1, 2, 1, 3,
1, 2, 2, 3, 3, 3, 2, 3, 1, 2, 1, 2, 3, 3, 1, 1, 1, 2, 2, 1, 1, 2, 3, 3, 2, 2, 2, 1, 1,
1, 4, 1, 2, 2, 3, 2, 2, 3, 1, 2, 2, 1, 2, 3, 3, 2, 1, 1, 1, 1, 2, 1, 1, 4, 2, 3, 1, 3,
4, 3, 2, 1, 1, 2, 1, 2, 1, 2, 1, 2, 3, 1, 2, 3, 1, 1, 4, 3, 2, 3)
x <- 
c(0.235370434933276, -0.693641689444513, 0.430109382136449, -0.765618788005419,
-0.138911304970445, -0.592518717496008, 0.219175002933037, -0.593292941815775,
0.366087269728773, 0.00846129782855121, -0.897673235833597, 0.178840113515151,
-0.339398056822006, 0.693596102133982, 0.593847793094306, 0.897519062825776,
0.0586096146332225, 0.216231207640788, 0.59548576139462, -0.242405481099557,
0.584632208700464, 0.263926639546496, -0.917783968583411, -0.340365970168018,
0.513796402228293, 0.563635241460349, -0.132125367113753, -0.369024517823061,
0.0357730812749291, 0.758242363673096, 0.161271702437367, -0.799561134894498,
-0.443409882547916, -0.377967912939023, 0.59037384054258, -0.297204104978383,
0.241962808560953, -0.142567190463086, -0.818345414650489, -0.976932402707723,
-0.358395268592049, -0.406036291699447, -0.956610306291136, -0.0372872609676348,
0.692944619615207, -0.812731084364873, -0.773598943152236, 0.66699114784656,
0.181661197740055, -0.230703574531017, -0.517131848481176, 0.995642119844082,
-0.933752405598158, 0.921252891993033, 0.420620956538898, 0.725343295549752,
0.487435717098169, 0.368335077388592, -0.228323456661691, -0.903123218411858,
-0.361346753815106, 0.511900062683693, 0.269999496275539, -0.70914058805727,
-0.864472904403075, -0.843423674131947, 0.360032357723817, -0.208461804281788,
0.20774520461731, 0.537564104530268, -0.0938887950379571, -0.0377752823981803,
-0.918963574353078, -0.886623349156979, -0.836994421659745, 0.63841614169245,
0.258552801904986, 0.195090089355478, 0.69872419260921, -0.293767528265718,
-0.896176881655684, -0.462646021408754, 0.411040544206969, -0.961134218917015,
-0.0722360518818258, 0.998813503374328, -0.247868096137725, 0.410378711900008,
0.831308748336766, -0.370931309601335, 0.200874140148599, -0.208304161165914,
0.841203560281315, 0.000303772290295212, -0.690281725192549, -0.475997145723437,
-0.480021324605604, 0.898887242797903, 0.0542418540757146, 0.390510192878487,
-0.634229339912405, 0.836237720174922, -0.687837512769748, 0.646749689067003,
0.343254723362581, 0.526637889114608, -0.567613428837971, -0.794916339387561,
0.876171457278889, -0.578215523495588, 0.0722440733634822, 0.235654461321553,
0.332775224288306, 0.491286937264109, -0.323619160722591, 0.635573611901761,
-0.954839135574254, 0.909228962936295, 0.221872082483489, 0.301146696274456,
-0.164152775945672, 0.945702746198716, 0.150409220222008, -0.80818821187326,
-0.606490033752352, 0.28733430835919, 0.509338893835966, 0.295449931830491,
0.598823476349385, 0.40980042481927, -0.685129650366097, 0.698325720641768,
0.653092099430934, 0.822633594622132, 0.672663774271069, -0.474232265159476,
-0.139212292606131, 0.770100843267828, 0.946596384703782, -0.922783108129793,
-0.928421311007921, -0.0780477387421324, 0.0274031098730245, 0.420844566166696,
0.757245943473257, 0.273939452859942, -0.579085359257339, -0.552454435038884,
-0.376202006988867, 0.967895106058092, -0.845685934056058, 0.258053717293134,
-0.615604026681719, -0.691533695660484, 0.183051472409827, -0.288260257239631,
0.0311803550839007, -0.107839930464623, -0.456595797681826, 0.43618075154328,
0.410274088980431, 0.47247277415947, 0.106780065774492, 0.119448247492569,
-0.965593621619535, 0.0172576492112866, -0.409566147822276, -0.185201057199059,
0.267984135563781, -0.817545566851701, -0.820784591411927, 0.985752054850886,
-0.776695846019239, -0.221127186444093, -0.331048567998305, -0.857237610836716,
-0.545075611619513, -0.541843507717616, -0.723361857332811, 0.575447946548706,
-0.843337764277611, -0.83281323575505, -0.783346097621957, 0.521040197838776,
-0.0545466405763343, 0.342121649264573, 0.838931898655437, -0.769346219563752,
-0.401011241826679, 0.419107074869428, 0.275717189401238, 0.831337078239298,
-0.594527016919723, -0.410723121521151, -0.350814958182204, -0.595933803008081,
-0.0615003245365936, -0.750975211422829, -0.713462174571001, -0.772328496175004,
0.577527447448746, 0.148961051744712, -0.922197399339162, 0.286037845816116,
-0.479356222424952, -0.981964015610938, -0.142892791092759, -0.410823967927537,
0.95491287956131, -0.985347113916581, 0.415741179955071, 0.313721895674282,
-0.602063132346342, 0.420862268746903, 0.394264642105791, -0.989224251859489,
0.831596875338504, -0.682330360952956, 0.970193778833684, -0.921251643089411,
-0.347095327382068, -0.00996255542001678, 0.576815988685086, 0.696401796252725,
0.233235040706682, -0.233609031927947, 0.334142121829196, -0.430457151038253,
-0.375509635682138, -0.814977244514992, -0.805834440189303, -0.552412771390517,
0.217638987450373, 0.416053245673226, 0.602745905442232, 0.900307739817754,
-0.807773247113684, 0.00286983523834761, -0.722639075548835, -0.368949060202399,
-0.321735231051794, 0.503712644483562, -0.396965637867825, 0.948426130025018,
0.138292455064669, 0.508944384646237, 0.598704819329369, -0.798208434435504,
-0.328632881055785, -0.555960126133901)
y <- 
c(0, 0, 1, 0, 1, 0, 1, 0, 0, 0, 0, 1, 1, 1, 0, 1, 0, 0, 1, 0, 1, 1, 1, 1, 1, 1, 0,
0, 1, 1, 0, 0, 0, 0, 0, 1, 0, 1, 0, 1, 0, 0, 0, 0, 1, 0, 0, 1, 0, 0, 0, 1, 0, 1, 0, 1,
1, 0, 1, 0, 0, 1, 0, 0, 1, 0, 0, 1, 1, 1, 1, 1, 0, 1, 1, 1, 0, 1, 1, 1, 1, 1, 0, 0, 1,
1, 1, 0, 0, 1, 0, 0, 0, 0, 1, 0, 1, 1, 0, 1, 0, 0, 0, 1, 1, 0, 0, 0, 1, 0, 0, 1, 1, 0,
0, 1, 1, 0, 0, 1, 1, 0, 1, 0, 0, 0, 1, 1, 1, 0, 0, 1, 1, 1, 1, 0, 0, 1, 1, 0, 0, 0, 0,
0, 1, 0, 0, 0, 0, 1, 1, 1, 1, 0, 1, 0, 0, 0, 0, 0, 0, 0, 0, 1, 0, 0, 0, 0, 0, 0, 0, 1,
0, 0, 1, 0, 0, 0, 0, 1, 0, 0, 0, 1, 1, 1, 1, 0, 0, 1, 1, 0, 1, 0, 0, 0, 1, 0, 0, 0, 0,
1, 0, 1, 1, 0, 0, 0, 1, 0, 1, 1, 0, 1, 1, 0, 1, 0, 1, 0, 0, 1, 1, 0, 0, 1, 1, 0, 0, 0,
1, 1, 0, 0, 1, 0, 0, 0, 0, 0, 1, 1, 0, 1, 0, 1, 0, 0, 0, 0)
