n_groups <- 5
n_data <- 25
N <- structure(c(20,18,74,64,0,12,14,70,51,0,14,13,81,60,0,17,14,84,50,0,14,14,84,63,0,21,14,64,67,0,14,10,73,67,0,15,17,79,56,0,18,19,71,50,0,21,11,72,63,0,21,10,73,57,0,16,17,78,54,0,12,18,70,59,0,24,17,84,52,1,17,10,84,41,1,23,21,68,58,1,13,14,66,64,0,19,14,57,57,0,17,14,59,62,1,18,8,62,40,0,19,10,74,59,0,10,8,68,47,0,18,14,86,59,0,13,14,88,61,1,20,15,69,75,0), .Dim = c(5, 25))
