n_groups <- 10
n_data <- 1
x <- structure(c(3.83408,7.31839,8.18863,-2.06096,2.26688,15.7794,5.41094,16.86,1.97584,3.48437), .Dim = c(10L, 1L))
