N <- 1000
M <- 21

y <-
c(1,1,0,0,1,1,1,1,1,1,0,1,1,1,0,1,0,1,1,0,1,1,0,0,1,0,1,1,1,0,0,1,1,0,1,0,0,1,1,0,1,0,0,1,1,1,0,1,1,1,1,0,1,1,1,1,0,1,0,1,1,1,0,1,1,1,0,1,0,1,1,1,1,1,0,1,0,1,1,0,0,0,0,0,1,1,0,0,1,0,0,1,1,0,1,0,0,0,0,0,0,0,1,1,0,1,1,1,1,0,1,0,1,1,0,1,0,0,0,0,0,0,0,1,0,0,1,0,0,0,1,1,0,0,0,1,1,1,1,0,1,0,1,0,1,1,1,0,1,0,1,1,1,1,0,0,1,0,1,1,1,0,0,0,1,1,0,1,1,1,1,1,1,0,1,0,1,1,0,1,0,0,1,0,1,1,1,1,0,0,1,0,0,1,1,0,0,1,0,1,1,0,1,0,0,1,1,0,1,0,0,0,0,1,1,1,1,0,0,0,0,0,1,0,1,0,1,0,1,0,1,0,0,1,1,1,1,1,1,1,1,0,0,0,0,1,0,1,1,1,1,1,0,1,0,1,1,1,0,1,1,1,0,1,1,0,1,0,0,1,1,1,1,0,1,1,0,1,0,1,1,1,1,1,1,1,1,1,0,1,0,1,1,0,0,0,1,1,1,0,0,1,1,1,0,1,0,1,0,0,0,0,1,1,1,1,0,0,1,0,0,0,0,1,0,0,0,0,0,1,1,1,1,0,0,0,1,1,1,0,0,0,1,0,0,0,1,1,0,0,1,1,0,0,1,0,1,1,1,0,0,1,1,0,1,1,0,0,1,1,1,1,0,1,0,0,1,1,1,0,0,1,0,1,1,1,0,1,1,1,1,1,1,1,1,0,0,1,1,0,1,1,0,1,1,0,1,1,1,1,1,1,0,0,1,1,1,0,1,0,1,0,1,0,1,1,0,0,1,0,1,1,0,1,1,1,0,0,1,0,1,0,0,1,1,0,0,1,0,0,1,1,1,0,1,1,0,0,1,1,0,0,1,1,0,1,1,0,1,0,0,0,0,0,0,0,0,0,1,1,0,0,0,1,0,1,1,1,1,1,0,0,0,1,1,1,0,1,1,1,1,1,0,1,0,0,1,1,1,1,0,1,1,1,1,1,0,0,0,1,0,0,0,0,1,1,1,0,1,1,1,0,1,0,1,0,0,0,0,0,0,0,0,0,0,0,0,1,1,0,1,1,0,1,1,1,0,1,0,0,1,1,0,1,1,1,0,1,0,1,0,0,0,0,0,0,0,1,0,0,1,0,1,0,1,0,0,0,0,0,1,1,1,1,1,1,1,0,1,0,0,0,1,1,1,1,1,1,0,1,1,1,1,1,0,0,1,0,1,0,0,0,0,0,1,0,0,1,0,0,1,1,0,1,1,1,1,0,1,0,1,1,1,1,1,1,1,1,0,0,1,0,0,0,0,1,1,1,1,1,1,1,0,1,1,0,0,0,1,1,1,1,1,0,0,0,0,0,1,1,1,0,0,1,0,1,1,1,1,1,0,0,1,1,0,0,0,0,1,0,1,1,0,0,0,0,0,1,1,1,0,0,0,1,1,0,0,1,1,0,1,0,1,1,1,1,1,1,1,0,0,1,1,1,0,1,1,0,1,1,0,1,1,1,0,0,0,0,0,1,1,0,0,1,0,0,0,1,1,1,1,1,0,1,0,0,0,1,1,0,1,0,0,1,1,1,0,0,1,0,1,1,1,1,0,1,1,0,0,1,1,1,1,0,1,0,1,0,1,1,0,1,1,1,1,1,1,1,0,0,1,1,1,0,0,0,0,0,0,0,1,1,1,1,1,1,1,0,0,1,1,1,0,0,0,1,1,1,0,0,1,1,0,0,1,0,0,0,1,0,1,1,0,1,0,1,1,0,1,1,0,0,1,1,0,1,0,1,0,0,0,1,0,1,0,1,0,1,1,0,1,1,1,1,0,1,1,0,1,1,0,1,1,0,1,0,0,1,0,1,0,0,0,0,1,0,1,0,1,1,0,0,1,0,0,0,0,0,1,0,1,1,1,1,1,1,1,0,0,1,0,0,0,0,1,0,1,1,1,0,0,1,0,0,0,0,0,0,1,1,1,0,1,1,0,0,0,0,1,1,0,1,0,1,1,0,0,1,0,0,1,0,0,0,0,0,0,1,0,0,0,1,1,1,0,1,1,1,1,0,0,0,1,0,0,1,0,0,1,0)

N_state <- 51
state <-
c(31,19,43,5,33,29,39,31,3,5,7,33,43,38,36,33,24,1,4,33,36,33,10,44,38,31,19,44,44,5,14,45,5,9,19,44,27,17,37,14,47,39,36,26,14,6,10,33,34,11,39,39,10,44,24,6,48,25,22,44,44,45,29,23,15,44,5,22,15,23,10,44,34,14,36,28,23,41,44,32,34,19,32,5,39,23,33,47,48,39,23,47,44,6,5,10,30,5,5,10,5,16,33,29,44,25,5,23,23,39,39,33,10,26,50,7,33,44,44,36,33,37,44,18,48,44,50,6,10,39,42,24,6,3,48,36,44,44,48,5,37,3,22,11,44,47,1,5,48,33,30,15,11,44,38,31,5,34,31,15,3,21,23,22,39,5,5,34,11,34,38,28,4,28,44,5,33,15,5,33,5,21,33,33,25,23,36,28,36,39,5,43,51,48,5,33,11,31,36,1,19,50,10,33,36,1,4,7,24,48,1,25,18,25,5,7,33,36,50,5,20,36,14,45,44,21,43,39,44,27,31,31,5,26,25,36,11,4,44,23,36,26,19,49,5,44,24,23,33,6,3,6,29,36,14,50,31,14,36,14,21,36,33,34,15,19,24,21,34,36,10,26,6,5,33,36,15,37,14,5,49,11,23,37,24,31,15,43,5,39,23,44,14,6,5,23,5,16,11,41,34,14,42,5,5,38,38,16,48,5,39,14,32,1,48,46,49,1,44,5,18,22,41,10,5,34,42,21,10,33,31,31,33,16,50,42,8,23,10,33,30,33,42,33,39,42,43,39,33,10,44,6,30,23,34,37,44,5,24,44,42,48,23,22,50,50,25,5,23,45,5,34,39,50,49,36,31,11,42,39,23,5,34,47,47,10,10,31,1,38,8,43,3,11,4,5,15,17,5,7,28,50,14,43,22,28,43,36,44,37,18,33,14,5,30,30,38,23,18,33,1,16,45,24,31,31,31,9,9,7,1,1,1,1,1,1,1,1,1,48,48,48,20,20,20,20,20,20,20,20,13,13,13,5,44,44,44,33,33,33,33,33,33,5,39,39,39,39,39,39,39,36,36,36,36,36,14,14,14,14,14,24,24,24,15,15,15,15,15,15,15,15,15,19,25,25,23,23,23,23,23,23,23,23,23,23,34,44,44,44,44,1,1,1,1,1,50,50,50,50,50,18,18,18,18,18,18,18,44,44,44,44,21,21,21,21,21,21,21,21,21,21,8,8,8,8,6,6,6,6,6,6,6,6,49,49,49,49,49,49,49,10,10,10,10,28,28,14,14,14,14,14,14,5,5,5,5,5,5,23,23,23,23,23,23,23,23,26,26,26,33,33,33,33,33,33,17,17,17,17,17,17,15,15,15,15,15,19,19,19,19,19,19,19,16,16,16,16,16,16,16,16,16,24,5,5,5,5,36,36,1,1,1,1,1,1,1,1,1,34,34,34,34,34,34,19,19,19,10,10,10,10,48,48,48,48,48,48,44,44,44,40,40,40,28,28,28,28,28,28,28,28,28,11,11,11,11,11,37,37,37,37,37,37,37,37,37,37,37,27,27,27,27,10,10,10,10,10,10,10,10,10,10,5,5,5,5,44,44,44,44,21,21,21,21,21,21,21,39,39,39,39,39,50,5,26,26,26,36,36,36,36,36,36,36,36,43,43,43,43,43,43,43,43,48,48,48,48,48,45,36,36,36,36,36,36,3,3,3,3,3,3,3,3,4,4,4,4,4,4,4,4,4,18,18,18,38,38,38,38,38,38,38,38,38,38,19,19,32,32,32,32,32,32,32,32,32,24,22,22,22,22,22,22,22,22,48,48,48,48,48,48,48,48,5,5,5,5,5,44,44,36,36,36,36,36,36,16,16,16,16,16,33,33,33,33,23,23,23,23,33,33,33,33,33,33,33,33,3,3,3,3,3,3,3,3,3,3,3,3,3,3,5,5,5,5,5,5,5,5,5,5,47,47,47,38,38,38,38,38,38,38,38,5,5,5,5,5,5,5,10,10,10,10,10,10,10,10,10,5,5,39,39,39,39,39,39,39,39,39,26,26,26,26,26,26,26,37,25,25,25,25,3,3,3,3,3,30,30,30,30,30,42,42,42,42,42,18,18,33,33,33,50,50,50,50,50,50,50,31,31,31,31,39,39,39,39,39,39,39,39,24,24,24,24,24,24,24,36,36,36,36,36,43,43,43,43,43,43,43,43,43,43,23,23,23,23,23,23,23,22,22,22,22,22,5,5,5,3,3)

N_eth <- 4
eth <-
c(1,3,1,1,3,1,3,1,1,4,1,3,1,1,1,1,1,1,1,1,1,1,1,2,1,4,3,1,3,3,1,1,3,2,1,2,1,1,1,2,1,1,3,1,3,1,1,1,1,1,1,1,1,2,1,1,1,1,1,1,1,1,1,1,1,1,1,1,1,1,1,1,1,1,1,1,1,1,1,3,1,2,4,2,1,1,1,2,4,1,1,1,1,1,1,2,1,3,1,1,1,1,1,1,3,1,1,1,1,1,1,1,1,1,1,4,3,2,3,1,1,1,2,1,1,3,1,1,1,2,1,1,1,1,1,1,1,1,1,2,1,3,1,2,3,1,2,1,1,4,1,1,1,1,1,1,1,2,1,1,1,1,1,1,1,3,1,1,1,1,1,1,1,1,1,1,1,1,3,1,1,1,1,2,1,1,1,1,2,1,1,1,1,1,3,3,1,2,1,2,1,1,1,2,1,2,1,4,1,1,1,2,1,1,1,3,1,4,1,1,1,2,1,1,1,1,1,1,3,4,4,1,1,1,1,1,1,1,1,1,1,1,2,1,3,1,1,1,1,3,1,1,3,1,1,3,1,1,1,1,1,1,1,1,1,1,1,2,1,1,1,1,1,1,1,1,1,1,4,3,1,1,1,1,1,1,1,1,2,1,1,1,1,1,1,1,1,1,1,1,2,1,1,1,1,1,1,1,1,2,1,4,3,1,1,1,1,1,3,1,1,1,2,3,2,2,1,2,3,1,2,1,1,1,2,4,1,1,1,1,1,2,1,1,1,1,1,1,1,1,1,1,1,3,1,1,1,1,1,1,1,1,1,1,1,1,2,3,1,4,1,1,1,1,1,1,1,1,4,1,1,1,2,1,1,1,1,1,1,1,1,1,1,1,1,1,1,4,1,1,1,1,2,4,1,1,1,1,1,1,1,1,1,1,1,1,1,4,1,1,1,1,3,1,1,1,3,2,2,2,1,1,1,1,1,1,1,1,1,1,3,1,1,1,1,1,1,1,1,1,1,1,4,1,1,1,1,1,1,1,1,1,3,3,1,1,1,2,1,2,1,1,2,2,2,1,1,1,1,1,1,1,1,1,1,1,1,1,1,1,1,1,1,1,1,1,1,1,1,1,1,1,1,1,1,1,1,1,3,1,1,2,1,2,1,1,1,1,1,1,1,1,1,1,1,1,1,1,1,1,1,3,1,1,1,1,1,1,1,1,2,1,1,1,1,1,3,1,1,1,1,1,1,1,1,1,1,1,1,1,1,3,2,3,1,1,1,1,1,1,3,4,1,1,4,4,3,1,1,2,1,4,3,2,1,2,2,1,3,2,1,1,1,1,1,3,1,1,1,1,1,1,1,1,1,1,2,1,2,1,1,1,1,1,1,1,1,1,1,1,1,1,1,1,3,1,3,3,1,2,1,1,2,2,1,1,1,1,1,1,1,3,1,1,1,1,1,1,1,1,4,1,1,1,1,1,1,1,3,1,3,1,1,1,1,1,1,1,1,1,1,1,1,2,2,1,2,2,1,1,1,1,1,1,1,1,1,1,1,1,1,1,1,1,1,3,1,1,1,2,1,1,2,4,1,1,2,1,1,1,2,2,1,1,1,1,1,1,1,4,1,2,1,1,1,1,1,1,1,1,1,1,1,1,1,1,1,1,1,1,1,1,1,1,1,1,1,1,1,1,1,1,1,1,1,1,1,1,1,1,1,1,4,3,1,1,1,1,1,1,1,1,1,1,1,1,1,1,1,4,1,1,3,1,3,4,1,1,3,1,1,1,1,3,3,3,1,3,1,4,1,1,1,1,1,1,1,1,1,1,1,1,4,3,4,1,3,1,1,1,1,1,1,1,1,1,1,1,1,1,1,1,2,1,1,1,3,1,1,1,1,1,1,4,1,1,1,1,1,1,3,4,1,1,4,1,2,1,1,1,1,1,1,1,1,1,4,1,1,3,1,1,1,1,2,1,1,1,1,1,1,1,1,1,1,1,3,1,1,1,1,1,1,1,4,1,2,1,1,3,3,1,1,2,1,1,1,1,1,1,1,1,1,1,1,1,2,1,1,2,1,1,1,1,1,2,1,1,1,1,1,1,1,1,1,1,1,1,1,1,1,1,1,1,1,1,1,1,1,1,1,1,1,1,2,2,1,1,1,1,1,1,2,1,1,1,4,1,3,1,1,1,2,1,4,2,1,1,1,1,2,1,1,1,1,1,1,1,1,1,1,1,1,4,1,3,3,3,3,1)

N_inc <- 5
