N <- 271
num_stores <- 100
sales <- 
c(0.282556467598532, 4.78026718836457, 5.3896594590427e-06, 2508.92544440719, 7.35555967477358e-06,
10997195.5519642, 14673440.5257763, 1646.59723356153, 3.39640152217589e-06, 9.55921213704624e-05,
3.10131586235582e-06, 1575646.75297678, 17.5709309462786, 1614100.48457629, 0.03165319356376, 3805.72787777523,
0.00275823859804756, 7.39188734794154e-07, 0.000870144016318012, 26.7163984526251, 2867.74085910951,
6.32823361848878e-06, 1.6964105601074e-08, 0.0738415026433215, 1819848.50714928, 1073.92696228947,
0.0290894881615405, 178734.386772966, 262364.615839479, 5.30992475474171e-08, 75.0530108514946, 11.6590574625678,
52250463.9857752, 12396.4456648344, 1.75088335449805e-06, 14863522945, 33351367882.2009, 1138.72148624711,
10704.8913308083, 9.49486953157729e-06, 2391.99251469217, 49.9099219386961, 1.20794399159641, 3.71584256762024e-05,
0.000327519340191197, 1.26988461913027, 0.000329380447564739, 3.61534932708031e-12, 2134364.46568548,
4.96134909955622, 0.00565305861346201, 0.00101443472299739, 0.152457596093609, 8.49496841863027, 8.33216102956893,
50495166.1079245, 317.618969269368, 0.246174253413321, 75.0524267996113, 183.49639231879, 1.70682990955856,
0.00691904078589913, 11.3311569392867, 657.153666872495, 1.54082874365293e-06, 3.08183993570398e-05,
2164.55419187426, 0.00163650718005957, 0.092864747325078, 5.49790121309382, 2579.39055145061, 2031432.47426393,
0.000383744654033389, 0.108285437043868, 2.03531375947018e-08, 17.7941905030701, 0.0199026998069175,
5.55088838528707e-05, 9.29934802978584e-05, 161.508114215104, 47.2641371197425, 0.228139248856041,
0.0595013188538561, 11.0707907375352, 4858.34493688023, 162.389950248594, 2.72594830912381, 0.000377634810120616,
0.000133022012536511, 42.3467713123073, 4731.46063430941, 2.08392745780995, 2697396.9327326, 1.05419781421819e-05,
226.41442569794, 6.99281148466887, 8.18708115056068e-07, 14972840.7602448, 90.8890247879904, 0.000362291629503159,
3.03878106147797, 1113.77391002604, 0.0593406401631556, 56167.7953009325, 55887.4866561609, 1.02666938882437e-07,
1.31932645117115, 566377.080556936, 34.9557149104383, 0.00218385177873061, 6.05016793597756, 0.000993080518769155,
1.67370930306006, 0.00168675713947241, 0.00176899704460281, 0.143466719510858, 32005.483204367, 0.113133110122365,
0.69574497933779, 2.61186153176385e-05, 4.79820090258941e-08, 0.00179601666861438, 1.89363984678941e-05,
2.57137509517799e-05, 101527.11432871, 22.305880082765, 0.102029564116861, 12954.9331010113, 0.177974962829338,
1.42378747955389e-08, 18588.8948592965, 837.215904456177, 1.11949075553959e-08, 30.4456480737892, 3845109.30950214,
4.15183327573612, 0.00102903527842617, 2576681423.60811, 295.338689035858, 4844277.7166946, 0.38642792420203,
0.0137643327197399, 87.0444103175643, 11489362.8444504, 0.0653896781502933, 23.5996396298291, 0.138630282298638,
6.85393632837322e-12, 21557431.2721087, 3.42562906955988e-09, 0.00419184797441661, 15.5249657638873,
0.196703701969345, 6.48575281461985, 1000833.0062427, 0.0398381372752102, 0.0746752969008541, 1237307.65830878,
1930.66582232238, 0.150583417014277, 33780558553.5247, 60994996.0573313, 2.1801004600507, 3.85406365544475,
5.5932074399176, 0.00118516592199807, 113.674021585685, 3.9821179218346e-05, 0.704942726096006, 0.653470427913596,
2931415.54117978, 0.631117609193066, 0.0728857615216962, 82.1508570797411, 55.6028769503829, 0.280437736885956,
4.01064534911567e-06, 0.11252836800111, 0.287795133512394, 14619737.5613946, 165.578784299752, 0.377410639870649,
1772.8057320719, 0.438964375030858, 866.174527045323, 9.21523840881262, 321667.820241376, 0.013478839152842,
1.14623532218425e-05, 1.01700377851299e-06, 0.660766291497138, 3.56611019328574e-05, 0.238846397933013,
629.838119279073, 7253.28078930716, 34527974510.2183, 0.289780496326104, 2.12347766757907, 0.00623382674680037,
1749781.6623005, 145340.751941429, 0.34011030106525, 0.00619401464560526, 2.80958602661969e-05, 0.550418785174083,
137876.238524237, 17279832385.6567, 21.2032975707239, 0.00927704269379736, 4.26738365012247e-07, 0.142548635487815,
2.10790595337041e-06, 3.02183128687588, 1.6675891686487e-08, 0.355413246736454, 2.37566277102783e-07,
0.00926646946666569, 7.50276143508237, 357.149514236846, 0.0144931687465068, 0.000156986220609455,
0.875296302705389, 2.24217953019378, 0.000591332710539397, 0.444832610663629, 45.576890510375,
8.51157491310601e-07, 43772.7944457377, 0.0105352244888801, 0.0169675539360349, 0.0301068234879489,
3.17612281360403e-08, 10437.2688822259, 89058.1480540375, 0.000170913308370017, 5.11917206725899,
0.851608179918303, 4818893.23847537, 3259.43009751829, 5.53037237677514e-13, 620.085450973345, 0.0205672706067452,
0.947697579118232, 0.324587107885683, 23.4552365398885, 204331139.923408, 3.41867651768973e-08, 0.0450471798609513,
4.28215545473816, 0.00681912844357126, 77.9809881070621, 6.96186841948323e-06, 0.00187042343866785,
0.588928119803346, 59165.0294208833, 0.0203894091240228, 6221.66049050181, 9.06647949357119e-06, 8399022.41752789,
6.82137288635964, 2.71765695000278e-05, 0.0566731356605033, 6.05544283214056e-05, 4.91333096679715e-12,
0.00132141605589343, 7156.55478338188, 3.47297174239239, 0.98018955522405, 36548498.1371475, 7.15602523726785e-09,
4605.61321415409)
store_id <- 
c(1, 2, 2, 2, 2, 3, 3, 3, 3, 4, 4, 4, 4, 5, 5, 5, 5, 5, 6, 6, 6, 6, 7, 8, 8, 9, 9, 9, 9, 10, 10, 10,
11, 11, 11, 11, 12, 12, 12, 13, 13, 14, 14, 14, 14, 14, 15, 15, 16, 16, 16, 16, 16, 17, 17, 18, 18, 19, 20, 20, 21,
21, 22, 22, 23, 24, 25, 25, 26, 26, 26, 26, 26, 27, 27, 27, 28, 28, 28, 28, 28, 29, 29, 29, 29, 29, 30, 31, 31, 31,
32, 32, 33, 33, 34, 34, 34, 35, 36, 36, 36, 36, 37, 37, 38, 38, 39, 39, 39, 39, 39, 40, 40, 40, 40, 40, 41, 41, 41,
42, 42, 42, 42, 43, 43, 44, 44, 44, 44, 45, 45, 46, 46, 46, 47, 47, 47, 47, 48, 48, 48, 49, 49, 50, 50, 50, 50, 51,
52, 52, 53, 53, 53, 53, 54, 54, 54, 55, 56, 56, 56, 57, 57, 57, 58, 58, 58, 58, 59, 60, 60, 60, 60, 60, 61, 61, 61,
61, 61, 62, 63, 63, 64, 65, 65, 66, 66, 66, 66, 67, 67, 68, 68, 68, 69, 70, 70, 70, 71, 72, 72, 72, 72, 72, 73, 74,
74, 74, 74, 75, 76, 76, 76, 77, 77, 78, 79, 79, 80, 80, 80, 80, 81, 81, 81, 81, 81, 82, 82, 82, 83, 84, 84, 84, 85,
86, 86, 86, 86, 86, 87, 87, 88, 88, 89, 90, 90, 90, 90, 90, 91, 92, 92, 92, 92, 92, 93, 94, 95, 96, 96, 96, 97, 97,
98, 99, 99, 100, 100, 100, 100)
