N_t <- 20

t <- c(7,14,21,28,35,42,49,56,63,70,77,84,91,98,105,112,119,126,133,140)

y0 <- c(10000,0,0,10000)

stoi_hat <- c(441,419,553,666,753,692,644,509,371,286,200,147,101,68,49,35,19,12,7,10)

B_hat <- c(6141.73,5801.72,9439.14,13742,11975,16387,15144,14705.6,8736.39,7553.29,6007.09,5979.96,3048.17,1566.77,1275.21,824.85,604.605,516.25,258.046,188.591)
